4294967279,29
4294967279,27
4294967279,26
4294967279,25
4294967279,24
4294967279,22
4294967279,21
4294967279,20
4294967279,18
4294967279,17
4294967279,16
4294967279,13
4294967279,11
4294967279,10
4294967294,1416
4294967294,426
4294967294,51
4294967294,52
4294967294,946
4294967294,92
4294967294,969
4294967278,311
4294967278,132
4294967278,131
4294967278,130
4294967278,129
4294967278,128
4294967278,127
4294967278,126
4294967278,125
4294967278,124
4294967278,123
4294967278,122
4294967278,121
4294967278,120
4294967278,119
4294967278,118
4294967278,117
4294967278,116
4294967278,115
4294967278,114
4294967278,113
4294967278,112
4294967278,111
4294967278,110
4294967278,109
4294967278,108
4294967278,107
4294967278,106
4294967278,105
4294967278,104
4294967278,103
4294967278,102
4294967278,101
4294967278,100
4294967278,99
4294967278,98
4294967278,97
4294967278,96
4294967278,95
4294967278,94
4294967278,93
4294967278,92
4294967278,91
4294967278,90
4294967278,89
4294967278,87
4294967278,86
4294967278,84
4294967278,83
4294967278,81
4294967278,80
4294967278,79
4294967278,78
4294967278,77
4294967278,74
4294967278,72
4294967278,71
4294967278,70
4294967278,68
4294967278,67
4294967278,66
4294967278,64
4294967278,63
4294967279,86
4294967279,83
4294967279,80
4294967279,77
4294967279,73
4294967279,72
4294967279,71
4294967279,70
4294967279,60
4294967279,58
4294967279,50
4294967279,46
4294967279,44
4294967279,38
4294967279,37
4294967279,15
4294967279,14
4294967279,9
4294967279,8
4294967279,7
4294967279,6
4294967279,5
4294967279,4
4294967278,199
4294967294,12
4294967278,85
4294967278,310
4294967279,307
8,2
4294967278,197
4294967279,197
4294967294,30
4294967294,61
4294967278,196
4294967294,11
4294967278,82
4294967278,306
4294967278,194
4294967278,193
4294967278,192
4294967278,191
4294967278,190
4294967278,76
4294967278,300
4294967278,69
4294967294,436
4294967278,75
4294967278,301
4294967294,8
4294967279,74
4294967278,73
4294967278,298
4294967294,6
4294967279,186
4294967278,185
4294967278,184
4294967278,182
97,4
4294967278,183
97,3
97,2
97,1
4294967278,379
4294967278,181
4294967278,65
4294967278,180
96,4
4294967278,179
96,3
96,2
96,1
4294967279,179
4294967278,178
4294967279,178
4294967279,177
95,4
95,3
95,2
95,1
4294967279,175
4294967294,386
4294967279,172
4294967279,57
93,6
4294967279,53
4294967279,54
93,5
4294967279,163
93,4
93,3
93,2
93,1
4294967279,162
4294967279,161
4294967279,159
92,5
92,4
4294967294,903
4294967294,185
92,3
92,2
92,1
4294967279,525
4294967294,949
4294967279,154
4294967294,22
4294967294,393
4294967294,46
91,5
4294967279,149
91,4
4294967294,9
91,3
91,2
91,1
0,7
4294967294,470
4294967294,68
4294967279,36
4294967279,34
4294967279,545
4294967279,33
4294967279,544
4294967294,389
4294967279,140
4294967279,30
4294967279,288
4294967279,28
4294967279,520
4294967279,137
8,4
4294967279,135
4294967279,287
4294967279,23
4294967279,285
4294967294,81
4294967294,50
4294967294,96
4294967294,423
4294967294,94
4294967279,269
4294967294,93
4294967294,95
4294967294,17
4294967294,76
4294967294,41
4294967279,19
4294967279,12
4294967294,67
4294967294,473
4294967294,2
4294967294,0
4294967294,471
4294967294,25
4294967294,82
4294967294,91
4294967294,88
4294967294,85
4294967294,1414
4294967294,83
4294967294,418
4294967294,950
4294967294,26
4294967294,1
4294967294,29
4294967294,921
4294967294,28
4294967294,920
4294967294,27
4294967294,472
4294967294,416
4294967294,44
4294967294,43
4294967279,266
4294967294,7
0,5
4294967279,517
4294967279,328
4294967293,131
4294967293,130
4294967293,129
4294967293,128
4294967293,127
4294967293,126
4294967293,125
4294967293,124
4294967293,123
4294967293,122
4294967293,121
4294967293,120
4294967293,119
4294967293,118
4294967293,117
4294967293,116
4294967293,115
4294967293,114
4294967293,113
4294967293,112
4294967293,111
4294967293,110
4294967293,109
4294967293,108
4294967293,107
4294967293,106
4294967293,105
4294967293,104
4294967293,103
4294967293,102
4294967293,101
4294967293,100
4294967293,99
4294967293,98
4294967293,97
4294967293,96
4294967293,95
4294967293,94
4294967293,93
4294967293,92
4294967293,91
4294967293,90
4294967293,89
4294967293,88
4294967293,87
4294967293,86
4294967293,85
4294967293,84
4294967293,83
4294967293,82
4294967293,81
4294967293,80
4294967293,79
4294967293,78
4294967293,77
